9470110010101100043390001340000060000000006000000000000000000000060000000000000000000000000000000000000000000000000000000000000000000000000000000000000000000000000000000000000000000000000003500000000670002600000000000000000000000
9470110020102700041050002480000150000900006000000000000000009000000000400001000000250000000000000000000300000000000000000090000000000000000000000000090000000009000000000000000000000000000005100050000250001200000000580000000000000
9470110030106500156060002030000320001800014000200010000000015000010001200001000000050000002100000010000200001000000001000060000000000000000000000000060000000006000000000000000000000000000005900007000230000100000000440000000000000
9470110040107306708090355670044460054703899004600650020400232005190320200167011016590182358200202780022000617000370161015940007400026001300200033015200018400780089046700130120000001019000403001415065270213400027083800000000000073
9470110050109703850560256970044450090403541003700750032000473008190259200125006020780148206500005910043500379000240098016730053500081004700100406011380037000719018003100210000000021010500207600293004910144400081089180000000000337
9470110060110301009720074630006520015000502001000120002600102000850037700040000004570027088900100280010000046000000025002450000800001000700000000002370001400198001002400030000000003002000122601019011580027800000012860000000000003
9470110070110900283000009350001810007400107000800070000400055000290007000008000001130011007100000190002900005000000012000150000100000000100000000000140000400010000000000000000000000000500018500026000970003600000001300000000000000
9470110080218000027170007530001720002900143000000020000300024000200010400019000000720001000400000010003600010000000009000320002200006001500000000000080000500003000000000000000000000000300002900160000000004000000001400000000000003
9470110090400500898380095220019950027101724000800090002200232002110144700038028005550040006100000110031200061000000093003050003100009001300600002002750001900214024001700000000000000012800135200897000000146100147018830000000170203
9470110100401320020481256980348580503829820010001790082803931047982404200837143106660553104211508140354901406014241660078570157200932040314000096062860198703680355026400080000000008021501485915791000000685300862191610000027271276
9470110110401906343710486290120220190110121004500760021701563010630833800625095054690169035612201200169400603003630433042230034500072009702200154038780065401720074143000060000000006004600551905891000000408200293048590000003741985
9470110120402500949410054540010710019800873000600070000600179001670063900058008002810030009200300160012100027000000051003390010400032004701100014002350003200150028002500000000000000014400078800283000000054600010013040000000050344
9470110130500900289010012720002360001900217000000010000200016000300017400010003000190022012900100220000400026000000010000500001600001001000500000000340000000029001000400010010000000000700025400045001290003300001002430001000030036
9470110140503900105460004570000910004700044000000010000200044000160002600002000000110001001500000200000100012000010000000500001600007000900000000000340000400029001000000040000000004000000007400030000570003100006000530000000000000
9470110150505900279880010310001390002300116000700000000400012000250007900012000000810004009000000010000700014000010002001200001900002001600100000001010000900092000000000010000000001000100015600055000890004200000002180000000060004
9470110160511903631390226580051770125403924004001070025400853005210335400033017003610256148100104780015100245001360055007620018500073009701000005005770018700360017001401170010000116005000267100393035040060300054058200140000090197
9470110170600112453440933710223400487217467017902500112003323035991048803249131060700714064109114100161201613006460803139840360402998030300000303103650699101018000232700440070000037006801063300675155830079500432142160000000740926
9470110180601307586110363820100330206307971005900870039401523020110495100962045023660322021806707460065600853000880351029850081000509012300000170021720102000390000075300160090000007001300768900693027780033700310057130000000950051
9470110190601906034390514840117850312108664006301560048402418019520547501162075022830267020303506450063600662002110446047150064200506007300000063040710368300184000020100100010000009003600865300251141500065800111043840000004560887
9470110200602905137170414700096250329406331006101270042002686017570383000706037016550301016802305990066800546001630389042070105200843006000000149031400225600264000060100180000000018002200916600332056300058600179067240000003660102
9470110210603786598805214351368164973387083149416021336433272276754081617953639158493684196137879420685510713102266994744011922815048346000000690551904284306042000592912074420000757008810505807732278390334001614964630000007191553
9470110220605922596431151200231120391019202010602050095002649054981187701745082049230578086507332160133201674019441322127470171501325019600000189109490566003465000180101310040000127003902269707870090660067500612208190000005630862
9470110230606509315140531500109070279408113010201170044002135018490495101273039026640274013915709480054901107002460442072970101500480012500000409062750409300449000170300040000000004001801302601057086840034700126049280000000030224
9470110240606709625710568900175370472012816009901930084503583022940834602097079025990420064108110330060901017012890566048050153401130014400000255032760152900321000142000130000000013002100983500670022280030800225124030000005350054
9470110250607111840660685230188520497013882013402140102503596040470735402340141039280646042111318530111601973004570761099050186300678027300000908080620501100562000239600060000000006002801277500604059830050400135070760000003131073
9470110260607323276641443870304050655123853022903420134704634063331252704818175067850698072710131110178003054022341692228090177400756049400000524210301412102338000454100510160000035002602236505501107060065503661265930000007250708
9470110270607507539270629730131920376809425006900740088902736017700574901855051025380301024400608460128900719018200582119050508504764025500000066068190411900581000212001770070000170001100306700118031170074400539210670000005690121
9470110280607902055890116910017760050601270000800330004300422003460080300118003004330107011201902070013800159000010115005970008300040003000000013005140030400128000007900010010000000001100333600513017420010000041021870000000220074
9470110290608106331600258730070580129705761002700690018901012010950403600594036013490120011905303200053500289001360158031260080100692007700000029023020168900212000038600010000000001000200620100323028330017200056027800000000100232
9470110300608514408520814190164300409312336006101710047903382023340886101037104048420548115905011260146401000003540906126120121200806013800000268113940873901198000144500630210000042026401403401716100230059100584135030000000750077
9470110310610702969280195240040290110702922005200450015700853007760183200299015009050138012401203540021100268000160177016460037900283007500000021012200095800153000006900010000000001002000420500374050270019500034016670000000100111
9470110320611106397790341770063590150304858002600620021701199012100316900426056015140215019404003680046500438001720340038320031100222005700000034035090275800617000012500160000000016004100759501752025650027600098075510000002940072
9470110330800504189430387390078650158206283002400600018601312005120541800311042027480270043811701350064700341003150526011800037300105003800500226007900029700459010002400000000000000011800519101407000000164900000136340000011840972
9470110340801302237470144870029480048802460000300400003000415002630204000123034012300136027902100560036800119000000161003910012200059004001400009002600005100169019002100000000000000008300270500650000000044300007043980000003670124
9470110350803300015970000040000000000000000000000000000000000000000000000000000000000000000000000000000000000000000000000000000000000000000000000000000000000000000000000000000000000000000000400000000000000000000000000000000000000
9470110360804103891670250000063250063805687001300540010400467007930439800428068012920098088203600670099400535001490235006300021500158004100000016003990018500202003000900100000000010016300351501647000000188900003058550000000160658
9470110370805100100810003140000690001800051000000000000000018000090003900003000000060003000400000010001300004000000008000280001200000000900000003000160000300013000000000000000000000000100005600023000000003700000000530008000000000
9470110380806300075860000900000100000100009000000000000100000000000000800001000000000000000000000010000200002000000000000040000000000000000000000000040000000004000000000000000000000000000002900006000000002000000000040000000090002
9470110390806700310420016200002620003600226000100010000300031000280018900009000001420008001600100000003500008000000021000390001800004001400000000000200000300017000000000000000000000000800048000139000000019500000002350000000000031
9470110400812301349660078670016760030901367001100080003500255002030107500070019005730053009200300100017900086000000052002060010400023003302700021000970001000068008001100000000000000003000114300248000000044300002028740000000460150
9470110410900108012950467050097190166308055006100890046701046012710601600720048043360171077002400490106100914002100145056050176701449027802000020038370219601239289011400520270050020020000318000855000000573900057134300000001140074
9470110420900308255010612300147750332411451006001540062002490022220850400611114093000284133204001680164500863004500275062350078400650009702300013051470314601433202036400490200020027053200474100618000000921200087102620001000660291
9470110430900907517050705040141870303211155005101320065502194021210838100555099053500353083200400720158301203002240254059350212400913015991300138037870109301042280037200410160040021029600372902085000001460700036194940001000290187
9470110441000304354220217900045230089603627001801330022400521007190275900116033032000190105800102860053000344000440161011800028800213006500000010008920052400358000001000100010070002003700021302081001580125400000064990000000200000
9470110451100106200000425340101930291307280018600690089401764009470356802711054011580371016700402720070000937012350191104150502403356050628500877053910403800761075051701480000100138000100000000163000020559400004046685482000000829
9470110461200999999999999999999999999999999999999999999999999999999999999999999999999999999999999999999999999999999999999999999999999999999999999999999999999999999999999999999999999999999999999999999999999999999999999999999999999
9470110471201199999999999999999999999999999999999999999999999999999999999999999999999999999999999999999999999999999999999999999999999999999999999999999999999999999999999999999999999999999999999999999999999999999999999999999999999
9470110481202599999999999999999999999999999999999999999999999999999999999999999999999999999999999999999999999999999999999999999999999999999999999999999999999999999999999999999999999999999999999999999999999999999999999999999999999
9470110491203199999999999999999999999999999999999999999999999999999999999999999999999999999999999999999999999999999999999999999999999999999999999999999999999999999999999999999999999999999999999999999999999999999999999999999999999
9470110501203399999999999999999999999999999999999999999999999999999999999999999999999999999999999999999999999999999999999999999999999999999999999999999999999999999999999999999999999999999999999999999999999999999999999999999999999
9470110511205799999999999999999999999999999999999999999999999999999999999999999999999999999999999999999999999999999999999999999999999999999999999999999999999999999999999999999999999999999999999999999999999999999999999999999999999
9470110521206199999999999999999999999999999999999999999999999999999999999999999999999999999999999999999999999999999999999999999999999999999999999999999999999999999999999999999999999999999999999999999999999999999999999999999999999
9470110531206599999999999999999999999999999999999999999999999999999999999999999999999999999999999999999999999999999999999999999999999999999999999999999999999999999999999999999999999999999999999999999999999999999999999999999999999
9470110541207399999999999999999999999999999999999999999999999999999999999999999999999999999999999999999999999999999999999999999999999999999999999999999999999999999999999999999999999999999999999999999999999999999999999999999999999
9470110551207999999999999999999999999999999999999999999999999999999999999999999999999999999999999999999999999999999999999999999999999999999999999999999999999999999999999999999999999999999999999999999999999999999999999999999999999
9470110561208199999999999999999999999999999999999999999999999999999999999999999999999999999999999999999999999999999999999999999999999999999999999999999999999999999999999999999999999999999999999999999999999999999999999999999999999
9470110571208399999999999999999999999999999999999999999999999999999999999999999999999999999999999999999999999999999999999999999999999999999999999999999999999999999999999999999999999999999999999999999999999999999999999999999999999
9470110581209199999999999999999999999999999999999999999999999999999999999999999999999999999999999999999999999999999999999999999999999999999999999999999999999999999999999999999999999999999999999999999999999999999999999999999999999
9470110591209599999999999999999999999999999999999999999999999999999999999999999999999999999999999999999999999999999999999999999999999999999999999999999999999999999999999999999999999999999999999999999999999999999999999999999999999
9470110601209999999999999999999999999999999999999999999999999999999999999999999999999999999999999999999999999999999999999999999999999999999999999999999999999999999999999999999999999999999999999999999999999999999999999999999999999
9470110611210399999999999999999999999999999999999999999999999999999999999999999999999999999999999999999999999999999999999999999999999999999999999999999999999999999999999999999999999999999999999999999999999999999999999999999999999
9470110621210599999999999999999999999999999999999999999999999999999999999999999999999999999999999999999999999999999999999999999999999999999999999999999999999999999999999999999999999999999999999999999999999999999999999999999999999
9470110631211199999999999999999999999999999999999999999999999999999999999999999999999999999999999999999999999999999999999999999999999999999999999999999999999999999999999999999999999999999999999999999999999999999999999999999999999
9470110641212799999999999999999999999999999999999999999999999999999999999999999999999999999999999999999999999999999999999999999999999999999999999999999999999999999999999999999999999999999999999999999999999999999999999999999999999
9470110651300900401190020090003910008900302000000050001100073000620023000007003001340026015101800240001700022000000005000920007800005000500000068000140001000004000000000000000000000001200056900016000000019300000003390000000000000
9470110661303100377550011300003840007600307000200030001300058000470025100009000000680029010401200120001900005000000004000590003000008000000000022000280001900009000000000020000000002000500028000055000000001100000000820000000000000
9470110671305102243560137240024690042802041002900390014500215004740144900112006008910317041513702280008700386000200097016670059600032004000000524010710037100700000000000080000000008003900236500580000000161500000023800000000000021
9470110681305500193660014010001710004200129000100000000200039000230009900004003000600013010200900140003300013000000006001690015900001000100000157000100000000010000000000000000000000002200033500104000000010500000002450000000000000
9470110691305900798260049190006300009500535000000030001800074000860041900028002003290062164001900080000800035000010012001850010300015000800000080000820003400048000000000000000000000009200093000145000000003800000007830000000000000
9470110701306301699100133850025410042602115001400450012800239003270167800104006008540153166504802360006300119000010101008930066700055000700000605002250012600099000000000020000000002038300211600144000000062600000034280000000090001
9470110711306704203210209730039830062803355005700760018300312006260260100104024019560218183829803570018500158000140252014210075600133003200000592006660034000325001000000320000000032042600348301401000010128800000036540000000040001
9470110721307300614130012430001970003900158000300010000600029000450010400006003000660017001300700100007100012000000011001710008700012000600000069000840004100043000000000000000000000000200046600007000000003200000001610000000000000
9470110731308905131650187440047680090503863002900870031900470006890281800334022016820277087006305430011000290000040259008760034200146005900200136005350036700162000000600060000000006047100407500033000170032500000038950000000020173
9470110741309300102010003940000900002400066000200010000100020000270003800001000000160009003200100130000600004000020005000670002200009000100000012000450001900026000000000020000000002000400008600000000000000400000000530000000000000
9470110751312107026750724110190460760711439019504080154405460021570793201304046060210452182923918130115802140004991125081980184601267021100500364063530434301974019001701360000260110022100833101953031320691300003089830000000480167
9470110761313100229400006360001210002300098000100020000400016000290006300004002000530024002100200070000200007000000004000590000800001000600000001000510002800023000000000000000000000000100020800021000000004500000000610000000000000
9470110771317900405570023140003710005500316001000120001200021000580023400024000001840033028100900140001800018000000050001860005700029001300000015001300007500055000000000000000000000001400048900060000000020400000003730000000020009
9470110781500308386560460860094540091508539002401140028900488014830621400805037023210258052302901950107000558005670198028690039000276008700800019024790057201782038008706440150000629041300567501939000000095900000153460000006361432
9470110791605100162050003410000500000800042000000020000200004000110002800003000000030005000000000010000000002000000003000090000100000000100000000000080000200005001000000000000000000000100014800069000020000100000000460000000000001
9470110801701901361360052200012590023001029000600310002800165001400086000022007007020049000500000160021600054000240057001610003000030000000000000001310003800093000000000300000000030000600034300808000010031500000009450000001420086
9470110811703152549813292760876791613071548091107810479609641088035365208666426485050640097200412361121609905056313023368850016800163000500000000036830187801783022000023570890322236080001291509981002414556000084493070227012620841
9470110821704307383040178280038650032203543000700220006200230003640307800070031017380126004600200630077100211000000118008760003200032000000000000008440025100590003000000090020000007003000462302066000220063100001020330000003410254
9470110831707100084440000980000070000700000000000000000000007000000000000000000000080000000000000000000000000000000000000110000000000000000000000000110000000011000000000000000000000000000002000050000000000200000000010000000000000
9470110841707900111620002040000390000400035000000020000000002000080002300004000000160004000000000000001100000000000000000040000000000000000000000000040000000004000000000000000000000000100002100089000000000700000000120000000000000
9470110851709705021230192210032680057202696001200770006700415003390228000050026024760103002100100860080300274000850144009990009600096000000000000009030029400602007000000180030000015002500313402424001940163300001028860003005110132
9470110861719500623900019100003300004500285000000040000600035000370023700011000002550006000000000030007200027000000007001040001300013000000000000000910002000071000000000000000000000001000033000436000020010200000001120000000940019
9470110871720102511540142420033810051002872001600420011200340004200239300048011018150111001400100790063700146001350059001800004300042000100000000001370003800098001000000220020000020005200104601161000140104900001041630000001540023
9470110881800100311430004660000980001500083000000000000100013000180005100012001000040007001000000000000100001000000006000230000100000000100000000000050000200003000000000010000000000000000008000038000290000400000001380004000100011
9470110891803100150270005880000710000500067000000010000100002000230003900002002000040003000100000020000600003000000004000200000800000000800000000000020000100001000000000000000000000000000016200106000530000600000001210010000040012
9470110901804700000000000000000000000000000000000000000000000000000000000000000000000000000000000000000000000000000000000000000000000000000000000000000000000000000000000000000000000000000000000000000000000000000000000000000000000
9470110911809707694510512010093250258306742012400740027402111010340511000560038002090269012200100330025500387005820646021790025000151007800000021015040016100991000035202140020020197006600360300613081400341400011197430001004180969
9470110921814102443060077770022680028301986001500310006200175003750143200167012006290031005500000310015200105000110094002500002700019000800000000000900003100053002000400070000000003000800121500175008720019300000009300001000440705
9470110931816301680110091370022560021602040001200270004000136002490164200126023003490044006000900170031000044000060079006540008800044002501300006004700002500368032004500130000000010003700107300347011980029900000019050000000000438
9470110941816900357790010590001590002800131000000010000000026000180010000012001000040006000100000110000500002000000007000380000700001000600000000000120000000012000000000020000000001000300017200118000860001800000004120000000020012
9470110951817300073900000260000060000100005000000000000000001000010000300001000000000001000000000000000000000000000001000040000000000000000000000000000000000000000000000000000000000000000000000001000020000000000000100000000000001
9470110961901100227950004110000650000500060000000000000200003000160004000003001000480001000400000010001600004000000013000220000600000000500100000000160000000016000000000000000000000000000008700007000760000400000000620000000000001
9470110971902300163970001030000190000100018000000000000100000000030001200002001000030000000000000010000000001000000002000050000100000000100000000000040000000003001000000000000000000000000003400001000110000400000000220000000000000
9470110981903700145970003290000200000100019000000000000000001000070001100001000000250001001800000000001500003000000003000030000100000000100000000000020000000002000000000000000000000000000008800076000540000500000000180000000000000
9470110991911700095980001870000490000100048000000000000000001000090003700002000000270000000000000000001000003000000000000040000000000000000000000000040000200002000000000000000000000000000001800004000230001700000000310000000010000
9470111002005700265090012420003320004900283000200070000400034000730019700013000001220021000600000160004600009000000005000390001800010000500100001000220000600014002000000000000000000000200024000058000000005800001002620001000000023
9470111012006300025220000270000100000000010000000000000000000000000000300007000000030000000000000000000000000000000002000090000500002000300000000000030000300000000000000000000000000000000000300000000000000000000000000000000000000
9470111022006900036350000800000040000100003000000000000000001000010000200000000000000000000000000000000000000000000000000010000000000000000000000000010000000000001000000000000000000000200004600002000000000500000000200000000000000
9470111032008700115970002390000240001300011000000010000000012000050000500000000000030001001900000010000300000000000003000250000200000000200000000000230000000023000000000000000000000000100010400020000000000200000000260000000000007
9470111042009300040160001490000340000100032000000000000000001000060002400002000000060000000000000000000000000000000000000020000000000000000000000000020000100001000000000000000000000000200005600019000000000600000000130001000080000
9470111052017303811000169600052610057804683001700730018100307006160378000256032013770187019310500540046500211001630275009800012500075004100100007008560032900494012002100050000000005001300312801799000010052900027018010000000920293
9470111062017701604930069970018870013301754000200130002400094003140137300060007001490048000900000080009600036000020034002410006500025002201400004001760002000129022000500010000000001001600169500643000000006500001014860000000000580
9470111072019100197290004210000690001300057000100010000000011000110004200003001000240003000000000060000900000000000005000410001500002001300000000000260000300023000000000000000000000000000007100021000010001300000001200000000000038
9470111082100199999999999999999999999999999999999999999999999999999999999999999999999999999999999999999999999999999999999999999999999999999999999999999999999999999999999999999999999999999999999999999999999999999999999999999999999
9470111092101599999999999999999999999999999999999999999999999999999999999999999999999999999999999999999999999999999999999999999999999999999999999999999999999999999999999999999999999999999999999999999999999999999999999999999999999
9470111102106599999999999999999999999999999999999999999999999999999999999999999999999999999999999999999999999999999999999999999999999999999999999999999999999999999999999999999999999999999999999999999999999999999999999999999999999
9470111112109199999999999999999999999999999999999999999999999999999999999999999999999999999999999999999999999999999999999999999999999999999999999999999999999999999999999999999999999999999999999999999999999999999999999999999999999
9470111122111199999999999999999999999999999999999999999999999999999999999999999999999999999999999999999999999999999999999999999999999999999999999999999999999999999999999999999999999999999999999999999999999999999999999999999999999
9470111132114199999999999999999999999999999999999999999999999999999999999999999999999999999999999999999999999999999999999999999999999999999999999999999999999999999999999999999999999999999999999999999999999999999999999999999999999
9470111142115799999999999999999999999999999999999999999999999999999999999999999999999999999999999999999999999999999999999999999999999999999999999999999999999999999999999999999999999999999999999999999999999999999999999999999999999
9470111152119199999999999999999999999999999999999999999999999999999999999999999999999999999999999999999999999999999999999999999999999999999999999999999999999999999999999999999999999999999999999999999999999999999999999999999999999
9470111162201500903250055110012740015801116000400070002000127003650070100050000003470092082700000430016500050000050063002590007500025000800600036001840004500072000006700110000000011005100072300029003650028400006008160001000030097
9470111172201901702320052680014040023101173001400140003000173002300085900076008002700046028100400420007800041000100055005370016200071007001600005003720008500201086000000000000000000002100054300028005410023800004009720002001060045
9470111182203303687450237530070240200105023005200690022701653010300376700183043020220301020600005710059200233000730128018080018300001002815100003016250028200725618000000120000000012006000184500066005010039500011079040000000010000
9470111192207105380470446640079350227205663013301460086201131015310388900171072024250569014609014880045901096001760201045160165401096044500500108028620170001068000009400810000020079020700235800005033190216400001171260000001450157
9470111202301101155100046210010650008500980000100120000700065001490075100064016005170037015600000320015600010000000068001870002700011001400000002001600000700134000001900000000000000003000105400206000000009700005009320000000000069
9470111212302500476470016720003940003700358000000030000100033000760024600036000002450009002400000090009700003000000025000700001500008000400000003000550001400037002000200000000000000000100024100084000000005900000003230000000030084
9470111222400304226470186200040470039803649002500410012100211007390271000154046027120103037500300330060800210000060172017050053100229016710000034011810021200711159010100610000010060002100313000514000000037500057043620018000040055
9470111232400506927030335420088040197106832002600810047701387013050470100772054032380175031305800410090500355000070069022270050700250011710700033017300031101182212002301100110230076030900411401132000000062300001108110009000000162
9470111242403107025350222830055660058204984001400820023300253009210314300865053008840162018810800480029100380000050185023290036700308003900000020019720099700807006016100010000000001008100542200200000000008300000059690003000000297
9470111252403307017160362880078380180806030007201500060500980012410309901642046045340227094025400490036000679000090232041500231301773009538800056018450113600389250006900150020000013003100343400794000000059000901106910088001460241
9470111262451007638800668000173610425713104020903090174701992038140627802718293063840102043400100440140201686010161056135030459903717044813300306089230527202594431062501510040340113028700306601270000000236900157157590021001650449
9470111272500905769590210970048700164703225001900930024301290008590177200560032005460047002600103860041200164002300121029860090300737014800400013020390133400563024011500350110210001038700336800886000010228700082042500002000100000
9470111282501711319150244030062270166204564001600960019101360009390302300570030006970101011400903220043600165000160168027460041300261014600300003023230089201158090018300200070010009038900465401939000010182000115044500001000170003
9470111292502104962540116560030360069102344000700350009300554003350174900251009002680080002800202020025700067000060055011090021300138006501000000008920042300440019000600040010030000018200245800820000010062600007024370003000050000
9470111302502506239090371880129430549407449008303210152703564012950463701429089019430116004500018580069800547010030229068460337402815049106500003034730223600707024050602880230800183016500178700232000000351400000049700002000040000
9470111312502705868210201860037910110302688001300880016100841006270180100240020004420031002500101940035900200001720100023950063400496012900800001017600091300809023001500020000020000012400429401630000020298600054033350000000060043
9470111322600900140860002170000120000400008000000000000000004000020000400002000000060001000700000000000100002000000000000070000200000000200000000000050000000003000000200000000000000000100011900032000000000000000000290000000000001
9470111332604500873000029730007240004500679000000010000700037000320063300012002000840005003500800160003000028000000011000960003100013001800000000000600000800041000001100000000000000000200051800445000000007400000008680000000000031
9470111342605500616660017980003710005600315000000120000100043000570024600010002000660007017800700040003300015000000022000490000600001000300000002000390000300029000000700000000000000000200048900222000000003400000002920000000000007
9470111352609906352070199950045840069103893001500600016800447003830324400227039008440048024206204050058200341000550126009960026100200003800400019007090019000243010026300390060000033004800382301138000030164200009043550000002090443
9470111362612510556630316500076100114306467002400960023400788008010525500358052012210186063319007710062500491000820193015010013700087002300500022013630061900513020021200010000000001002200740102144000000172900547061280000001270041
9470111372616102682990114000019040041301491000600410011800248002080119400078011004160042021306801180016600140000430087007770029100120014502300003004820014900125035017300060000000006000100214001399000000075600000029260000000090189
9470111382616320851511382580327561220620550173013460324805882054121336801382389040280480248716082430230704147030860982137571143200294009400411043021360093400716026046201630000010162065300952302375000231241700141394980000003330700
9470111392700302321520102580025160015602360000400240002200106002680190400169019010590156049900101540033600051000040106003120006900009000800300049002430003400201006000200000000000000000300193000657000000057300000013990000003600142
9470111402702300134230001630000270000500022000000010000000004000040001700001000000110000001000000020000300001000000004000030000000000000000000000000030000000003000000000000000000000000000004700028000000001100000000160000000000000
9470111412702500290080013830001550002500130000100030000100020000260007400029001000400009022000000240002900015000000014000600001300000000000000013000470000900037001000000000000000000000300030400195000000010200000002030000000000010
9470111422703702436440084080020280014601882000100190002300103002220149000157013005210082042900000910019400071000020071004000011100013001100000087002890006000211013000500000000000000002500178901509000000039800000006700000000980030
9470111432705310120720624270123460226910077004902100056601444012050742401383064057720799108900106730137900617008270391020480056600086003111900330014820029601155018001300370010030033004500857603687000000419600000180300000009430709
9470111442713702029520069940015680015601412000500210002400106002060108300101022005460064015700100710026100060000050061002780010900019005600600028001690001900143004000300040000000004001400100801035000000052900000006460000000070679
9470111452714100305630012940001960002800168000300010000000024000290011000026003000680008000400000100003200011000000004000710001500000000000000015000560000800046001000100000000000000000400038500335000000003700000001050000000180006
9470111462716301345700046730009160013700779000300180001500101001610050500104009004010067043100000450027200062000020062002340005100018000600300024001830004300106023001100000000000000001800098100414000000025500000004190000000870007
9470111472800900000000000000000000000000000000000000000000000000000000000000000000000000000000000000000000000000000000000000000000000000000000000000000000000000000000000000000000000000000000000000000000000000000000000000000000000
9470111482802900044700001950000280001800010000000010000300014000090000100000000000040003000100200000000000005000000002000000000000000000000000000000000000000000000000000000000000000000000002800008000370000600000000710000000000000
9470111492803500474360028470009280032500603000800090001200296001080046200034000000380021000900200050000300017000000012001830005900005004001300000001240002600089009000000050000000005000500048200228005360022900000000840001000370021
9470111502804500164880012850001280001200116000100000000300008000410007100004000000410004010600100060001500005000000004001110000000000000000000000000280000400021000000200180000000000000100035900021000450008800000003120000000080010
9470111512805900679120047400012730042900844000500220005000352001890062500027003003800046015603000100017200122000080012002410000800006000200000000002330007700140001001500010000000001002200064500085004730030400018006770034000000031
9470111522807500428940038940007280005400674000100050002600022000710057900021003003780016003500900310005600079000000002001880001800013000300000002001700005300116001000000230000020021000000000800196009670020300000009540000000000021
9470111532808700598500036720007930012500668001100150002700072001730047500015005003020062008302700150000000067000000051002900009600054004100100000001940006100132000000100190010000018002200063800072006700012400000003810000000330023
9470111542814700000000000000000000000000000000000000000000000000000000000000000000000000000000000000000000000000000000000000000000000000000000000000000000000000000000000000000000000000000000000000000000000000000000000000000000000
9470111552901901082600037850013420019501147000500120003900138001720092200044009001850060003400500460013500038000000048001400002900015000900200003001070003000071004000300000000000000001400059400286000030010500000006170000000000134
9470111562902500081570000710000090000500004000000020000000003000010000200001000000020000000800000010000000004000000001000140000200000000200000000000030000000003000000000000000000000000000001300000000000000200000000170000000000000
9470111572905100646540018950003650004800316000100060001500026001350015900012010000750030022600100230001300032000000014000900002100005001500100000000690001600052001000000100000000002001200034400026000000003700000005450000000030050
9470111582909100083710005590000700000900061000200010000100005000230003300003002000270003000000000010003600004000000007000250000900001000800000000000160000100014001000000000000000000000000011500048000000002900000001650002000060021
9470111592909506959040939570141260257211554014402110071201504014830871701249106090520536026101801480230702110009600849016430007100018001702500011013850020300616032053400000000000000022300793002082000760352700088467770302001270815
9470111602910300000000000000000000000000000000000000000000000000000000000000000000000000000000000000000000000000000000000000000000000000000000000000000000000000000000000000000000000000000000000000000000000000000000000000000000000
9470111612918905430530275330075130094606569001800600032500540010950503200400040010540246056600204940047600611000560240010720017100031013300400005007830015300570039002100090040000002009900221500535000300084000023096670075005991105
9470111622921500000000000000000000000000000000000000000000000000000000000000000000000000000000000000000000000000000000000000000000000000000000000000000000000000000000000000000000000000000000000000000000000000000000000000000000000
9470111632951004251870344290103980425406144017802510091302912016140409900325106045770164041900005530255301882007510647036070027300000001200100260033340000000285070297904340100000424025500140800184010580303100029024760000000030000
9470111643000900082430000650000020000000002000000000000000000000020000000000000000050000000000000000000200000000000001000030000000000000000000000000030000000002000000100000000000000000000003700001000000000900000000010000000040000
9470111653008500111230003730000250000000025000000000000000000000000002500000000000230002000000000000000000000000000002000090000000000000000000000000090000000007000000200000000000000000300010500017000000015400000000290000000030000
9470111663011101173800037410012930005001243000300010001100035000990110200041001003350045004600000030014100034000120049001150002400016000200000005000910001700045008002100180000000018000500097700158000000014200000001980000000450123
9470111673104700206870005300001270001600111000100030000000012000160008300012000000340008001600000080001300001000000006000120000200000000200000000000100000000010000000000000000000000000600009200128000000002400000000520000000000003
9470111683105504172490231370051350048004655002700880017000195004640402800135028011310293052202105230074500757005370220016550021900142005400000023014150030901072005000901080100020096027400397401520000000121700000045050000000000000
9470111693108300040170000330000000000000000000000000000000000000000000000000000000000000000000000000000000000000000000000000000000000000000000000000000000000000000000000000000000000000000001100020000000000000000000020000000000000
9470111703110902085730143380030920022402868000600630005100104002670246700076058017540105035200001890070600143000010148005520008300000002100100061004690000500407002005500210000040017012400154201059000000134300000032070000000000000
9470111713112700049570001930000060000000006000000000000000000000000000400002000000060002000600000020000000001000000000000060000100000000100000000000050000000005000000000000000000000000000005200042000000000400000000660000000000000
9470111723200306312220578790095080166007848006001950054500859017600569200376020054780248103427611460050301104026150391056690020500155001403405478002480981147404073045403146153910564002500020500155008980000004888159250004010630573
9470111733203101876980183930031630052502638003000780011200305004470209300074024014510130037021903520025200261000710114012590038900205002914201451001300314311934014006201610711140124001900038900205103320000001288043320000001860310
9470111743300300334230017730002460003700209000100010000200033000700012600013000000420002002800000270004300009000000007001520001200002001000000000001400001500123001000100000000000000000200058400226001030006100000002280000000000013
9470111753400308355850295870055120079904713001000410014400604005380395500171049032520075074300409250126600477000180161036550047300393007000500005031780196601092051006900160040040008102000250701195000000256000003055550000001250518
9470111763400503481800132070028300062302207000700530008800475004520162400108023019320031021000303300050700238000030072010940017400119005000100004009200025400610011004500010010000000006200143800463000000096200011028320000000620126
9470111773400704993990255660051700131203858004601140029000862007300271600343069030760033122802006980087700392001140149027290089400700017100400019018240086700895026003600100050030002057100233400505000000246800002039600000000980132
9470111783401308497740508600120590537606683012503730145103427015640429600715108035200065052701336900113301178005980252098000501403753089410700260047490308001415086016800090010020006005400149701687000000233800020111770000001941049
9470111793401705506160331440071320239004742002001010081201457010270352800160027027710060021300915690092500603000310179081300311702577049603100013049410302501675065017601120290760007036700119400394000030239100017067510000000320261
9470111803402306497310258070048010088503916001300810011700674006490303100181055020910063031600308130072800444000410127034300080100601017301600011025760111501307071008300170130020002048000230800540000000323900002058920000000310441
9470111813402505388620306740052740116604108001300850018800880006660317500196071029460137066004304410103000443000220216028350049500375009800600016023340102101238030004500000000000000043600358201859000000457300011056160000002110339
9470111823403104665950235660056580149204166002600440043600986008790289600369022023530046038300607190087900376002830123032930115800982015301800005021350135300698032005200170000030014002200136300388000000284700003038280000001370842
9470111833403300423830034130005860012000466000100150002100083000680035600033009005920030014200000290016500061000000018002220006100061000000000000001610006400093001000300000000000000000400027100061000000065200020005160000000370007
9470111843403905056370228620036520083202820001400540028200482005770200800207028027190072022403109050085300442000210120042790067700607006100200007035990214601345012009600010010000000045500115200934000000213000007041880000000620615
9470111853500103781760285280067500098805762003100350015100772006540489600206006017840136021504705400015500400003720058020330076000312030704000101012730021000830183005100000000000000008800612901374001680200600000062380000000310005
9470111863500600211290011580002350004200193000100050000300033000380013900015000000510008000300200490000500016000000000000850001500004001000100000000650000100053004000600000000000000000300012700228000120014800001001640001000160002
9470111873503900000000000000000000000000000000000000000000000000000000000000000000000000000000000000000000000000000000000000000000000000000000000000000000000000000000000000000000000000000000000000000000000000000000000000000000000
9470111883600512143831138390199290877711150022802490416904132021050628702705053036470250192703512410151401429021550326158100755906259101502000265082510602901842038034107462411190386000400107501990000000853506085026470039000000092
9470111893602300481940024130004520005100401000100030001400033000700030900017004001610030032900100180006400024000000033000670001800006001100000001000490000700041001000000020000000002000600037000025000000020800000005780000000000044
9470111903602909395080254680081610213506025003001120043801554009510430200696076020180167082100204900122200381005320441022520028200144012001500003019700104400823092001100810310070043024900384600093000000096100021037170000000000012
9470111913604723176012159480380141674421271043504740795907875040171199005162102069340478367706723690285902705041130597301151442511945193803700505156911149903470073065014234612260736000700205003798000011561711637045700074000000181
9470111923605100592380028670004960006800428000100080000600053000910033000001006000600039026900100280015900026000000022001710001300000001100000002001580001100144000000300000000000000002200044500002000000027700004008370000000000009
9470111933605507023250357130082810097607305003401270036000455009780598900253085051600554145501808410180800442004790376018680018900136004500000008016790083000824007001800160020000014004800264000037000000323300056080140000000000386
9470111943605913216170233900066800135005330004300390044500824008220428100196032013290292027900310320083800499004990156030790105800961006301400019020210117800545038026000900600110019008100469000043000000070200048030020000000000047
9470111953606114837701395830243951074513651027803040510605056025700771103305065044510312235804515330182601746026330522193400925307666124002400323100870738502229049042409403241450471000500131202446000011037307915030430048000000137
9470111963606704620590181150051010103304067002200870031200611008440296900229023014450240045301404530077800290001640238017680026700031010300000134015010011200907004047800540010060047004500202000020000000090100014040090000000000103
9470111973608119647981841950323541419318161036904020674506677034991020004376086058830405311705620700244402302034870509256041223210127164603200428133720978002967068055712063901920624000600173803259000011333809900045050063000000172
9470111983610313189840484220089470162807320004901110065800810016750522300325098029500979062800014420177100434002390489053550095100724011200400110044060180302156031041300560410060010010600866800060000000393000641116810000000000041
9470111993611908079640282970069720132905643003200760043700783008040462200190026014010232016500113770100900440001000166047500067300604006000300006040770314300843020007000320090200003023200262700096000000268700048056030000000000358
9470112003700101037490074940012590027500984001200180002800217002790065900038008008230150065202600580008700099000000051005540008000033002202300001004750011300255093001400080000070001009900145500592000000056300000009110000000000105
9470112013701700306650021160002470012200125000300010000600112000320008800005000002110009044900100130003700017000000012000610001700015000200000000000440001200028000000400000000000000003600028200109000000004500000005850000000000001
9470112023705102630920125860033080078702521001900360010800624006450176900082025006300107034003502340036700405001490063007840021400152005700400001005690009200433008003600100030020005005000314601010000000058800000013060000000000054
9470112033706100410140031570002470006500181000400040001500042000930008100007000001650051101101000060000700011000000045002020008800013007300200000001130001300094001000500000000000000006400042800177000000006500000006680000000000000
9470112043706900343970014380002180006200156000600100000100045000600008100015000002240031018200300290001400010000020010000640002900028000100000000000350000500024001000400000000000000003700030600062000000001800000002270000000000000
9470112053708103409330419750058610125604605002900680019500964011920303100334048032390564730227904210081900589000490149021790029400053013500100104018850042601257007019501560061370013104200490901879000000146100007105770000000000494
9470112063712901173080131060021670056701599000800260007200461004270105800110004011300099217705000860021800118000040071005840010900060004800000000004750012600332002001400000000000000017000171601123000000054900000028360000000000008
9470112073715300467150039470007010011600585000600060001300091001680040900007001005350175005700300150003000028000000002002280007800046003200000000001490005500076000001900000000000000004300055200084000000003100000014630000000000000
9470112083715901012120043870008340019400640000300160002700148002230039800012007005440029045003600480013200055000000020001700004900020002800000000001210000000108001001200000000000000010000106000194000000009900000006140000000000000
9470112093719300618770026710003520005600296000500010000400046000920018300014007003310019035900200120008300021000000005000990002100013000800000000000780000400065001000800000000000000006900058100169000000006500000004970000000000007
9470112103805100043420000270000070000000007000000000000000000000060000000001000000010001000600000000000000001000000001000000000000000000000000000000000000000000000000000000000000000000000000400002000000000000000000040000000000000
9470112113806100075980000300000050000100004000100000000000000000040000000000000000010000000200000010000000000000000000000010000000000000000000000000010000000001000000000000000000000000100001400000000000000300000000020000000000000
9470112123807500035520000200000070000000007000000000000000000000010000100005000000000002000100000010000000000000000000000010000000000000000000000000010000000001000000000000000000000000000000000007000000000000000000010000000000000
9470112133903513057530652490107440269008053019103680094601184017090491701301124037510199040600411480093601140003330496044330076100538020801500000035810132102116058008404360000000434135800561703511040850337400012217560155011280221
9470112143904908969510297700084040273805664004801960048602007017690355000301046023530379041000213860012300636003460184011210021700122007600200017008860044300360009007400120000000012027700506000531026180215600000027440013006300388
9470112153906108417780507320093680152707840004401960058700698010690631900375073051680300166300008820127300673002660506058540080900330034705600075050200054104063101031502630060010256021800226602231007310647200002117630011000790738
9470112163907100355870014750002240003500189000200040000100028000400012600020002000600030000800000150003000006000000018000790004400018001600900001000360000200034000000000000000000000005800033500185000940009600000001830001000390012
9470112173908501377270059940008800006300817000200080001200041000760066600052021002250021005200300580017400061000000022002140002100009001200000000001810002800149000000400020000000002016400110600504002300039200002016900017001550020
9470112183908900492810010560002950009600199000000040001000082000620013300004000000010007002500000080003200004000000004000060000100000000100000000000030000200001000000000000000000000000700010200049000490010300000003430000000190002
9470112193909504116320244670043750059003785001600790020400291004540302500263043031810150059801404290043200473004480223008980036200241007302700021005330033600085043006800140020020010010300238800450015020096001061055660000000481151
9470112203915304033830225730042900054703744003000810023800197005570299900134053007200200012000005440018200422001700198007690008400036004600100001002140001800179005001100040000000003050100171402710024000083200001057520013006500380
9470112214000500134620008370000370000800029000000010000000007000150000700007000000060002000000000060000000004000000000000730002700003002200200000000460000100044001000000000000000000000000009100037004610002400000000660000000180012
9470112224004700596320026610004600006800392000200090001800039000770029300020002001890025010501200310004400022000000018000570001500002001100200000000420000000042000000000020000000002000100012500087004290006100000008220000000820089
9470112234006500308130012650003250004700278000400040001100028000480021400014002001090015000400800100002000018000020002000390001100011000000000000000280001000016002000000000000000000000000026500072001720000000000001980000000000006
9470112244007100514550023810004280005600372000100060000100048001250018700047013000580014000900500220004000007000010016001070005200008004200100001000550000700042004000200000000000000000300031600026005810002200000002900000000070429
9470112254010906561880332350096280145408174006501630037300853017870540100866120013900387011106205210030600683003560173030310071400431020705000026023170112000868237009200120010000011005700504700449052280048800000026690000003282309
9470112264014305247730211720059440114104803003400670023900801007890365000320044007640216020613207880017500517003380308018190054000184021502100120012790026300785030020100280000000028004100306200851039340027900000015520000000330185
9470112274101900946980046620011630010401059000200170002300062002350067600131016004430055006100000410018700083000000049004380002900010000500000014004090003100247019011100000000000000000400085300506000000013400000005410000000470057
9470112284103902663810125650034660036103105000700330010000221005800228700206032012140107012100000670040000166000360103011770001900000001400200003011580007400587049044800000000000000002700156101144000000034900000022330000001890205
9470112294104702289500110440033420029603046001100420013300110004430234500228030016300123007300000900035400158000660142006640002600024000200000000006060026000223011011200050000000005001700175500848000000023800000011810000001070251
9470112304105105685200309040101570137008787005901050074400462012960619501229067041610458017700501540080601329008610265036940020600115006300000028034880217500781017051500450080000037002100256002295000000056700000023510000002670731
9470112314105300361040015010002830001700266000200040000300008000330020100027005002010013001700000140006600017000000014001240000700000000000100006001170000800053000005600010000000001000400024900245000000003100000001210000000520049
9470112324105900605820035760007290008100648000200090000600064001360042600074012002850037001300000110013000032000010035000860001800009000300000006000680002100043001000300000000000000000300072300500000000008900000006580000001570087
9470112334106702824830094280029450021102734000300270010800073005070201500193019009350127009300900370027600071000020143004740001900013000500000001004550017900228021002700000000000000001600184100845000000030200000008960000001380278
9470112344200308778120228710034220087002551000401360017300548007120156800241029006680096004700004490093800149000430219010900056300408011202800013005240021000248039002400550100360008011200273903580021300413700038025270000001340278
9470112354200701792100044180008480016400684000100200002800115001490049900034002001920006000400200560016800024000000016000740003700013001300200009000370001600016000000500060000000006001300056700430006780078700006004150000000460083
9470112364201705336460181430033000056302735000600320009100432004340204400223030004360062012000302500056600079000160107010420043400252008409000008006120015700344088002100020020000000002300296702884006430233000008023310000002220752
9470112374201901535570060310010060012800878000300140004300068002030062900030016002800036105502300650033800005000010019000950005200010003600300003000430000500028004000600020000000002000500064001127003360046000003005250000000000009
9470112384202500556190025930002990004900250000000020000300044000890013600023003002650001000500000290017600007000000011000690001500015000000000000000540001400037000000400010000000001000500017500432000860046700000005200000000150030
9470112394204101944200063910013800013101249000200180001800092001200104100082005002770069025200200600029700017000030042002230012800071005000400003000930001900066002000600000000000000000300094000956001810068300000007200000002260055
9470112404204505605420205710041740142302751002900570015501180004040209600235018002720042010600302370053000139000110079016860070400550006508100006009840067400156122003100000000000000008600151602331014710408400026032760000001690343
9470112414204902808150088510016650036601300000300320009000240004530076100072014005800095009400301090048300030000240129002500017600060008203000004000730000700043005001800210080000013000900083201263005390112800011013520000000190214
9470112424206100431250010100001640001800146000100010000300013000250011200006003001340000000200000050011800000000000012000020000100000000000100000000010000000001000000000020000010001000000008500138000370022000000000760000000050010
9470112434206901995660033970006040013600467000300070002400101001380029700024008001300013000700100700018600018000360028001910012400090002301100000000670000500047004001100050050000000000400039900629001070032800000003380000000000302
9470112444207103996720134400029240041002514000600430007200288004180192400139032005670154019200501950073500034000060091005700026200218003400600004003080011200169013001400010000000001001200091201979010090217700003016350000001330099
9470112454207301009370031690006370013700500000300160003600082001030035200027018002360007005400000350015200014000000027002690025600230000401500007000130000600007000000000070000020005000300052900294003120023500001002790000000090068
9470112464207903234360081860011350020300931000800070003000159002790053900085031003870039004200300590047900027000510028002820013800095002401600003001430004000078010001600150040000011001700078001678008150144800010007580000000490085
9470112474209106832620245660054620074504716001600390015500527005570388100252029007360139024000103040094900108000200103009360037400265005803900008005610022300261048002600090040010004006000283503066016560435200005026600000002830636
9470112484210116572850875330298401014919691037306170464904509043961096004070264031370380039000805420072001470015400586135040875508043051109500105047490351101016050017202921061540032003700267201090049930735100015057120000129600000
9470112494212903800830097440013290035500976000600260006100262003300052500085031007160028004800201450070400034000250082002040011600055004701200002000880001700057009000400020000000002003600115801642007940184200002008630000000150069
9470112504213100282130004040000910001200079000100000000100010000370002900013000000470004000100000070002600006000000003000220001000001000800100000000120000000011001000000000000000000000100005000073000080001600001000210000000000027
9470112514400705960510224270044260099003436002200700021300685007060225400434043020760076027603805210085000365006160168024800058000438008500400053018300120900504027009000320130020017019300093700469000260204500013052771234000420266
9470112524500701433200071300008920022900663001900140003900157001750046000022006004100060093300200620012800083000040017004660015200084006000000008003140002900192001009200140000000014000300085200638015130076100000002920000000000000
9470112534501300854020037850008950015400741001100250002900089001960050200039004005540068019300200420013100039000050020003610013500105003000000000002260005800161000000700110000010010003000031800078001010043700000002870000000000213
9470112544501902990580153330029870058702399003200780013800339004590183900095006014470169241700202620027000291002470107015120051000333016600000011010010022400755000002200940010000093000500130101052009300121900000010130000000000008
9470112554502900354050005270001280002700101000500030000100019000170007800005001000480005001500000010001200011000000002000420001800013000500000000000240000500018000000100000000000000000000007600026000790005100000000320000000000000
9470112564503300331610022620004120013600276000400150001200105001200013600018002001790017010700200090006200017000000009000580003200018001400000000000260000400022000000000000000000000000100037400102007010013300000000760000000000003
9470112574503700183460006400001020003600066000200040000100029000280003100006001000370003010500000020001600007000000004000400002600019000700000000000140000200009000000300410000000041000000003100024000290015600000000430000000000000
9470112584504101193790051580009780022700751001500340003000148001650056700013006005930053008300000190008200069000040031004620017200149002400000000002900008500193000001100250000000025000300092000279010140032200000002160000000000005
9470112594504503219160156020035300063202898003100370007900485008220190600127043009920334400700001200036500203001850088017860091100632026700000012008750020400596000007500850000380047002200152500495003180082400000007200000000000002
9470112604505700555260028500005650013700428000400130003100089001100029300018007002560030026200000360007600034000000017002100006600025004000000001001440002400117000000300380000000038000100019700330003830024600000001550000000000014
9470112614506301662820052880008800013900741001400090003200084001690054400024004003690047034800000220011600079000000024006220024700110013400000003003750005900304000001200000000000000000200084100257006610064600000002410000000000131
9470112624507902881410217620033140076702547002101090016500472006730165100211012012200288428300602300035600413001590056018670059800337025000100010012690021401033000002200160000000016000600192300832042510121200008012780000000040040
9470112634508100161130004660000790002400055000200020000200018000230003200000000000760008008900000010001400004000000003000100000600000000500000001000040000000004000000000000000000000000200005500009000200007400000000210000000000000
9470112644508302087120150530021410047401667001900540007200329003180129100052006015690196255900000270033900197000100073014180047800251020800400014009400021700694005002402390060120221008800127600750029060070200000005610000000000005
9470112654509101270310067970012930033000963001400330005600227002450063900068011007800072026500000240023200148000020044006380020600109009400000003004320007400343000001500180010000017000400098500253008600065200000004310000000000096
9470112664610300000000000000000000000000000000000000000000000000000000000000000000000000000000000000000000000000000000000000000000000000000000000000000000000000000000000000000000000000000000000000000000000000000000000000000000000
9470112674700900193280007370000560001000046000000030000200005000060004000000000000110003000200000060000000009000020002000280000400000000400000000000220000200018002000000000000000000000000018800003002440000700000001640000000010011
9470112684705500093450008510001560002200134000000000000200020000240009800012000000500009000200100150000000020000000000000220000200001000100000000000190000200015000000200000000000000000000014800055002280000900000001350000000000002
9470112694706300531930024630004250007700348000200020000100072001310018900023005001620019018200000140004500017000000004001430007600014004501500002000670000300059002000300010000000001002600028800020006160001800000004630001000010018
9470112704706501250480046980007570022900528001200080001600193000840042100013010000940037075200000760001000076000030044002930007600031004500000000002010001900156003002300000000000000000100089800017007510007900007007600006000190015
9470112714708500075790002320000310001300018000000020000200009000040001100003000000040002000600000040000000005000000000000100000200000000200000000000080000100005002000000000000000000000300009600001000300001000000000300000000000000
9470112724709303337490152530025380052702011003400470011700329003640153700080030007760084060400801930012800224000960030006290015500047008401200011004750011500291026004200250000020023006200217300263049890042700010015530000000190421
9470112734712500634910055340007420020800534000200120001600178001960029900032007001660068008500400680010300173000080043004210012500048007200400001002960002800232032000300230000000023005600096800057013200036100000005450000000230301
9470112744714900650180032510005490010800441000000050001400089000520038000009000000680025002400400350000900084000010006002320003000009002100000000001420001600119005000200030000000003000600050400108011720003700006003160000000340028
9470112754715707512290428350078580179106067009302620052200914008340430800875051024560274056400709560062901364002030382043600004500012002700100006002280004100174002001100860010610012016700484200426084610288300024053730000005630961
9470112764716900061810003150000260000600020000000000000200004000030001600001000000160007002100100000000700000000000000000060000300000000300000000000020000000002000000000000000000000000000003900000001400000100000000490000000000002
9470112774718100010840000420000030000200001000000010000000001000010000000000000000010000000000000000000000000000000000000030000000000000000000000000030000000003000000000000000000000000000000300011000170000400000000000000000000000
9470112784802911964360560930145360149513040016500130058200735023290954701073091016870369124500702530110301699005330476056540211101890005509900067035430004502669738009100100010090000023200734902482080560254000000070120016000000832
9470112794803500143960002970000500001100039000200000000000009000170001100007004000010003000300000000000700004000000000000320000700000000300400000000250000000017008000000000000000000000000012600004000470000400000000150001000000000
9470112804803700812750045610010580013000928000700130003300077002410064900029009003070058014200700320007200069000170014002250007400026001803000000001510004400081023000300000000000000001600042400157005390006100004012700001000000088
9470112814806102635200185580039330041703516001300200011600268005850278200133016007020052000600001290010900235000220039005660001900011000600000002005470008100444005001700030000000003008800181500508078280076200004014720011000200254
9470112824810500043990001550000350000600029000000000000000006000160001100002000000100002000000000000000000002000000000000120000000000000000000000000120000400008000000000000000000000000000002000003000370001400000000190001000000000
9470112834811318960701187850286130506823545018204090140303074040991630603074065123970999077603100390120603147010900632089710086500531014709900088081060369202899836067800480150000033016300936300884154200213900033310920110000421589
9470112844813501272610091270021890012302066001700150003600055003730159800092003004060061014700000000020900139000110018004430006500042001400800001003780011800219035000600040000000004001800081500236021210039600000013660044000460458
9470112854818700580930035130008460006800778000700130001200036002310051200026009003330005000200000040002100036000000011001640002800017000000100010001360001400099010001300000000000000000600032000204008270006000000005880000000000086
9470112864820127897901036110224530356118893024402680122001827034541368201668089063410765022300405120171002460016080724080580022700103008701600021078310405902940036079602470000090239024501106501549183750247100104146171281000318766
9470112874825100968030034040008420011200730000600080001400083001460049700086002000500030000600100190005800108000000023004470006000006002602700001003880001800191159001900000000000000003900064000116005910009900002001830001000000147
9470112884827700453860022050006620011800544000900080002000081000940042300024003000740031000200000060002500033000030021001210004400000004300000001000770000200073000000200000000000000001700022300047002630010500000005590000000000013
9470112894829900124960003550000640001300051000000000000000013000170003200002000000150019001800000010000000004000000001000070000500000000300200000000020000000001001000000000000000000000100004200007001100002000000000440000000000002
9470112904830302267810084800021540016401990001000140003500105003580149900132001004560065008901600310018100259000640032005590005600038001800000000005030020600239001005700000000000000001900104300149013960037600000010590003000010528
9470112914833901691490050130010520014600906002200260002900069002830052300026074000640044003800000040003600052000010036002050006000025001200600017001450002600082005003200060000000006001900043100044006310042400001014610000000000463
9470112924843700087970006650001230002200101000000000000000022000130008000006002000220015001000000010003400003000000006000170000300003000000000000000140000100013000000000000000000000000100016100047000770002000003001160000000000009
9470112934843911025990568560152570254812709012402410076101422022490923901158062027500751024100105600104501657008400453068700080100486012310600086060690375101403299061603120010010310012100434603379067100276900243076160086001950651
9470112944844101238240054830012000015201048001400180004500075001500085100044003001560023007200000070007000104000010030003030001200003000400300002002910001600182079001400000000000000000700101600090015340012600000005780000000000166
9470112954845305520320441840119450142010525007901890054400608020850743200907101038740626079500500610085601219003610383037090038100149010809400030033280143301194573012800320020000030015300594701377058780056900086057710036000000501
9470112964846100048990001960000390000900030000000000000000009000120000900009000000110002000000000010000100002000000002000210000300003000000000000000180000600012000000000000000000000000500004700002000270000300000000330000000000000
9470112974847901238620047550022920037301919005000210009600206003340141700148020002330047000000000000003600168000000018004740000500000000500000000004690003300436000000000010000000001000800049800000001790003500001006830005000000077
9470112984849700349890018570003130004400269000400000000800032000880014400035002000330016000300000000000000039000000091002810019300019008009400000000880001300064011000000000000000000000000051100039001970003000000002720009000000023
9470112994900700224410008770001780002500152000000030000000022000200013200001000000200008000100100000003100003000000015000400001000000001000000000000270001900008000000000030000000003000700011900096001060003400000001570000000040022
9470113004903507183020468000133120106812244002000640032700657011601046600515103020320519076103502500118900319005580559020230044500193019901700037014720021400880050032800190080000011028200359103355019340152000002119350007003871218
9470113015102300251870005210001070001300094000000020000000011000190006300008004000570024001300000000000700005000000002000120000700001000600000000000050000000005000000000000000000000000600011500008000550000200000001080000000000000
9470113025105907508180242270041670034803819001400270016200145006210278900374035015170172062515000600032300434000120204011990060600447005110400004005930016900274116003400010000000001001200494000516051860049800000041600000000030048
9470113035106100450930015420001770004800129000100020001300032000340008100011003000990022002900300040003700036000000006001360012100090002700400000000150000600008001000000000000000000000000051200006002600002100000001910000000010002
9470113045109700063980001120000200001100009000100010000000009000020000200005000000350001001400000010000300000000000001000020000000000000000000000000020000200000000000000000000000000000000001300000000030000000000000190000000000000
9470113055117300338000014030001380003200106000300010000100027000310005900015001001180016009100100000000800018000000002000260000200000000200000000000240000700015001000100000000000000000000024000015004420000600000002820000000000000
9470113065117700000000001770000050000000005000000000000000000000010000200002000000000001000100100010000000000000000000000100000800004000400000000000020000000002000000000000000000000000000011300003000190000000000000230000000000000
9470113075119100478540020400002220003600186000500110000800012000810009500004006001660015001600500300001300017000010006000250001700006001100000000000080000100007000000000020000000002000100040500018004410002600000006310000000000000
9470113085151001095830075620011900019900991000400240008300088001360063100220004010470074005503100120009200125000200037009250035300306001401400019005720044900076017003000040000010003001400075600082012360017700000016450000000070033
9470113095171002851800295320041340047303661006700450024400117007120253000384035022100213097008101990042900505004840185012660005000043000300100003012160014700619002044800120000000012000600186402075021290218700000094170000000941070
9470113105176002199790230250039120094702965006200980021400573005200194300472030028960203052400300460042300635002760271013030027300192007700200002010300047300546008000300470000000047005800104100568037690050900000064900000000500001
9470113115177001016620183470028000027702523001300300007800156002840214300087009021340077006704600650036700245000580095002780002400010001300000001002540006700162004002100140000000014006100089100239052720089600000039990000000380705
9470113125184000224450030260003530003200321000000030000700022000570025000011003001920016037700800160006900026000000039001880003800030000600000000001540007400073004000300000000000000002200031500110003860006600000008050000000040034
9470113135300501153150071680017170020501512000100220002000161003180111400074006007060052003500000770014500056000000067003480007600055001200600003002710011900141007000500000000000000000800111600873000030006700001018360000000000059
9470113145303308771270394360117250140310321002702420023400900014840827300487078058740402022800406850072700415004100379024470044500249017301300010020030074401130086004300080000000008006800643802196000030039200001067890010000000235
9470113155305305492000287420071580140305755004201180029900944010040455900164028027650244022600007340061700501006080190021330021200109006402800010019120131900557024001100000000000000001900342601037000070047700000085890000000000009
9470113165401900536730023550003480006600282000600120000900039000680016400037013003020033029100500280005800062000000013000350001300002001100000000000220000300019000000000000000000000000200036700033003320004300000003220000000210060
9470113175502300166770005270000740001500059000000050000000010000060005100002000000110001000400000020001300004000000017000040000300000000200000001000010000000000000000000000000000000000100008900075000000006300001001300000000030035
9470113185506700200130009600001940001400180000100040000000009000170014800012003000080002003900000040003500010000000015000030000000000000000000000000010000000001000000000000000000000000200010800246000010010300000001830000000040003
9470113195507909418361096390211380320017938012303830085501839017151440001687136095040417264000203840379203502013450711035380150600769039302300321020120052801406046003101740140010158056300739507176000001763300002259170059027451002
9470113205514100799380039250008250007300752000000040000400065001130061200023004000640019003900500270014000031000000022001490004800011003500000002000950000600088000000100000000000000000400044700665000000035500000010600000000510022
9470113215603700422570011700001780007700101000000020000400071000470004900004001000570005001800000030000700008000000009000540001200003000800100000000420001100030000000100000000000000000400023800029002230001200000002310000000500044
